<svg width="25" height="45" viewBox="0 0 25 45" fill="none" xmlns="http://www.w3.org/2000/svg">
<g clip-path="url(#clip0_1580_19215)">
<path d="M15.1532 28.9672C15.1705 29.1054 14.9805 30.194 15.0496 30.8333C14.6522 30.2113 14.4448 29.5201 14.4448 28.7944C14.6176 28.7944 14.7558 28.7944 14.8595 28.7944C15.015 28.8117 15.136 28.829 15.1532 28.9672Z" fill="#D1C2BA"/>
<path d="M9.43413 28.8115C9.53781 28.8115 9.67604 28.8115 9.84882 28.8115C9.84882 29.5372 9.64148 30.2284 9.24407 30.8504C9.31318 30.2111 9.12312 29.1225 9.1404 28.9843C9.15768 28.8288 9.27863 28.8115 9.43413 28.8115Z" fill="#D1C2BA"/>
<path d="M24.2418 32.1981C24.3973 32.6301 24.2073 32.9411 23.9826 32.9238C23.7407 32.9065 20.9243 32.5264 20.4578 32.44C19.974 32.3363 19.7667 32.129 19.6457 31.7661C19.6111 31.6797 19.542 31.4206 19.4384 31.0923C19.352 30.8158 19.2483 30.4702 19.1446 30.142C19.041 29.8309 18.9546 29.5199 18.8682 29.2607C19.1101 29.3644 19.4211 29.399 19.7839 29.3817C19.9913 30.0901 20.2677 31.075 20.3368 31.2305C20.4405 31.4897 20.6306 31.6452 20.9243 31.697C21.2181 31.7489 23.1705 32.0426 23.5161 32.0944C23.8444 32.1463 24.1727 32.0253 24.0172 31.6106C24.1209 31.9044 24.2073 32.1117 24.2418 32.1981Z" fill="#FFAA00"/>
<path d="M22.4967 27.8786C21.9438 28.0514 21.2872 28.2587 20.6824 28.4143C20.1986 28.397 19.8876 28.1896 19.6803 27.8959C19.7321 27.8959 19.7666 27.8786 19.8185 27.8613C20.6824 27.6713 22.3239 27.2048 23.1878 26.721C23.3606 26.6173 23.447 26.3408 23.3433 26.1162C23.2397 25.8916 21.7191 21.9521 21.6673 21.8484C21.6155 21.7447 21.46 21.6065 21.3044 21.7102C21.1489 21.8138 20.0085 22.7814 18.6263 23.1616C18.5053 23.0406 18.2289 22.7987 17.9524 22.5395C18.4016 22.4704 18.8336 22.2976 19.231 22.0557C19.974 21.6238 20.5787 21.019 20.8898 20.7598C21.3736 20.3624 22.0474 20.5006 22.2548 21.019C22.3757 21.2955 23.9999 25.5114 24.2073 26.1162C24.3973 26.7037 24.0863 27.2048 23.6371 27.4121C23.4816 27.533 23.0496 27.6886 22.4967 27.8786Z" fill="#FFAA00"/>
<path d="M24 31.6108C24.1555 32.0255 23.8272 32.1292 23.4989 32.0946C23.1533 32.0428 21.2008 31.749 20.9071 31.6972C20.6134 31.6454 20.4233 31.4899 20.3196 31.2307C20.2505 31.0752 19.9741 30.0903 19.7667 29.3819C20.6307 29.33 21.7365 28.9672 22.7559 28.5525C23.1015 29.3819 23.6717 30.7987 24 31.6108Z" fill="#31363D"/>
<path d="M23.3433 26.1335C23.447 26.3581 23.3606 26.6346 23.1878 26.7382C22.3412 27.222 20.6997 27.6886 19.8185 27.8786C19.7667 27.8959 19.7321 27.8959 19.6803 27.9132C19.5248 27.7058 19.4211 27.4467 19.3347 27.1875C19.1274 26.5827 18.4535 23.8009 18.4535 23.8009C18.5917 23.5763 18.7127 23.3344 18.6954 23.2825C18.6954 23.2825 18.6608 23.248 18.6263 23.1961C19.9913 22.816 21.1317 21.8484 21.3045 21.7447C21.46 21.6411 21.6155 21.7793 21.6673 21.883C21.7192 21.9866 23.2397 25.9089 23.3433 26.1335Z" fill="#31363D"/>
<path d="M22.4967 27.8787C22.514 27.9132 22.6177 28.1724 22.7732 28.5525C21.7538 28.9672 20.6479 29.3301 19.784 29.3819C19.6803 28.9845 19.5939 28.6908 19.5767 28.6562C19.8704 28.6216 20.2678 28.5353 20.6825 28.4316C21.2872 28.2588 21.9438 28.0514 22.4967 27.8787Z" fill="#25272B"/>
<path d="M22.1338 11.0146C21.5636 12.0514 21.1144 13.1918 20.6997 14.9542C20.3714 16.3883 20.0086 18.4099 18.1943 20.3451C17.7623 20.7943 17.2613 21.2609 16.6392 21.6928L16.6911 21.33C16.6911 21.33 16.3109 20.8116 15.8962 20.276C17.8487 18.79 18.5399 16.9067 18.488 14.8332C18.8509 13.5028 20.2505 11.7404 22.1338 11.0146Z" fill="#FF7B00"/>
<path d="M17.8488 12.9843C18.1598 11.9476 19.9741 10.3061 22.1339 11.0318C20.2505 11.7575 18.851 13.5199 18.4881 14.8676C17.987 14.021 16.4838 13.5026 15.8445 13.6581C16.2419 13.0879 17.2441 12.8115 17.8488 12.9843Z" fill="#FFC85C"/>
<path d="M19.5767 28.6387C19.5076 28.6387 19.4384 28.656 19.3693 28.656C19.0756 28.6733 18.851 28.6387 18.6609 28.5869C18.1771 28.4487 17.9698 28.1549 17.9179 27.9649C17.9006 27.913 17.8834 27.8266 17.8661 27.7402C18.1253 27.9303 18.8682 28.0512 19.6976 27.8957C19.905 28.1895 20.216 28.3968 20.6998 28.4141C20.2678 28.5178 19.8704 28.6042 19.5767 28.6387Z" fill="#FF7B00"/>
<path d="M19.784 29.3645C19.4211 29.3817 19.1101 29.3472 18.8682 29.2435C18.7473 28.8634 18.6609 28.5869 18.6609 28.5869C18.851 28.6387 19.0929 28.6733 19.3693 28.656C19.4384 28.656 19.4903 28.6388 19.5767 28.6388C19.5767 28.6733 19.663 28.9843 19.784 29.3645Z" fill="#F25900"/>
<path d="M19.3348 27.1875C19.4212 27.4467 19.5248 27.7059 19.6803 27.9132C18.8682 28.0687 18.1253 27.9478 17.8488 27.7577C17.7797 27.464 17.6933 27.0838 17.6933 27.0838C17.8834 26.7901 17.9525 26.5482 17.9525 26.4791C17.9179 26.3236 17.8142 26.1681 17.6933 26.0126C17.4687 25.7707 17.1922 25.5461 17.1404 25.3733C17.054 25.1141 17.365 24.4402 17.3823 24.4057C17.7797 24.302 18.1598 24.1983 18.2116 24.1638C18.2635 24.1465 18.3672 23.991 18.4708 23.8182C18.4535 23.7836 19.1274 26.5655 19.3348 27.1875Z" fill="#25272B"/>
<path d="M19.1274 30.1247C19.2311 30.453 19.3347 30.7986 19.4211 31.075C18.2116 30.453 16.2937 30.6776 16.2937 30.6776C16.4319 30.4184 16.5874 30.142 16.7429 29.8655C16.7429 29.8828 17.9006 29.6755 19.1274 30.1247Z" fill="#F25900"/>
<path d="M18.8509 29.2435C18.9373 29.5027 19.0237 29.8137 19.1274 30.1247C17.9006 29.6754 16.7429 29.8655 16.7429 29.8655C17.3131 28.8115 17.8488 27.7402 17.8488 27.7402C17.866 27.8266 17.8833 27.8957 17.9006 27.9649C17.9524 28.1549 18.1598 28.4659 18.6436 28.5869C18.6608 28.6042 18.7472 28.8633 18.8509 29.2435Z" fill="#141517"/>
<path d="M17.3823 24.3882C17.0022 24.4919 16.622 24.5782 16.5184 24.6128C16.2937 24.6474 16.1728 24.6128 16.0691 24.5091L16.0518 24.4919C15.9482 24.3709 15.4816 23.9044 15.4125 23.9217C15.3261 23.9389 13.1145 25.4422 12.9417 25.5458C12.9244 25.5631 12.8898 25.5631 12.8726 25.5804C12.7171 25.6495 12.5615 25.6841 12.4752 25.6841C12.3888 25.6841 12.1641 25.6841 12.1641 25.6841C12.1641 25.6841 11.9395 25.6841 11.8531 25.6841C11.7667 25.6841 11.6112 25.6495 11.4557 25.5804C11.4384 25.5631 11.4039 25.5631 11.3866 25.5458C11.2138 25.4422 8.98487 23.9389 8.91576 23.9217C8.82937 23.9044 8.38012 24.3709 8.27645 24.4919L8.25917 24.5091C8.1555 24.6128 8.03455 24.6474 7.80993 24.6128C7.70626 24.5955 7.30885 24.4919 6.946 24.3882C6.54859 24.2845 6.16846 24.1808 6.11662 24.1463C6.06479 24.129 5.96111 23.9735 5.85744 23.8007C5.71921 23.5761 5.59826 23.3342 5.61554 23.2823C5.61554 23.2823 5.6501 23.2478 5.68466 23.196C5.80561 23.075 6.08206 22.8331 6.35852 22.5739C6.75593 22.2111 7.1879 21.8309 7.23973 21.7964C8.06911 23.0059 10.7646 24.3018 12.1641 24.5782C13.5637 24.3018 16.2765 23.0232 17.0885 21.7964C17.1404 21.8309 17.5723 22.2111 17.9698 22.5739C18.2462 22.8331 18.5227 23.075 18.6436 23.196C18.6782 23.2478 18.7127 23.2651 18.7127 23.2823C18.73 23.3342 18.6091 23.5761 18.4708 23.8007C18.3672 23.9735 18.2635 24.129 18.2117 24.1463C18.1598 24.1636 17.7797 24.2672 17.3823 24.3882Z" fill="#31363D"/>
<path d="M18.5054 14.8504C18.5572 16.9065 17.8661 18.7899 15.9136 20.2931C15.5853 19.8784 15.257 19.4292 15.0497 19.1873C15.0497 19.1873 15.689 18.9108 16.1728 18.0987C16.2765 17.9087 16.3801 17.7013 16.4665 17.4594C16.7603 16.6128 17.0886 14.4875 15.8618 13.6581C16.5011 13.4854 18.0043 14.0037 18.5054 14.8504Z" fill="#FFAA00"/>
<path d="M18.2116 20.3623C18.5571 20.8634 18.9027 21.4509 19.231 22.1074C18.8336 22.3321 18.4016 22.5221 17.9524 22.5912C17.555 22.2284 17.123 21.8483 17.0712 21.8137C17.0021 21.7273 16.812 21.7273 16.6565 21.7273V21.71C17.2785 21.2608 17.7796 20.8115 18.2116 20.3623Z" fill="#141517"/>
<path d="M17.9525 26.4616C17.9698 26.5307 17.8834 26.7726 17.6933 27.0663C17.5205 27.3255 17.2441 27.6365 16.8467 27.8957C16.5875 28.0685 16.2592 28.2067 15.8618 28.2931C15.3089 28.224 14.4622 27.6711 14.4104 27.6365C14.4277 27.5156 14.2722 27.0145 14.1339 26.859C14.1166 26.8417 14.1166 26.8417 14.0994 26.8244C15.1015 27.1009 15.8791 27.0836 16.121 27.0491C16.7603 26.9281 17.8834 26.4097 17.676 25.9778C17.8143 26.1506 17.9352 26.3061 17.9525 26.4616Z" fill="#218D9C"/>
<path d="M17.866 27.7404C17.866 27.7404 17.3304 28.8117 16.7429 29.8657C16.5874 30.1421 16.4492 30.4186 16.2937 30.6778C15.9308 31.2998 15.6198 31.8009 15.4816 31.9046C15.257 31.6799 14.9978 31.5417 14.7213 31.5244C14.7386 31.5071 14.7559 31.5071 14.7559 31.4899C14.8077 31.438 14.9632 31.2134 15.1533 30.8851C15.3606 30.5395 15.6198 30.1076 15.8617 29.6583C15.8617 29.6583 15.8617 29.6583 15.8617 29.6411C16.3455 28.7771 16.8293 27.9132 16.8466 27.8614C17.244 27.6022 17.5205 27.2912 17.6932 27.032C17.7105 27.0665 17.7796 27.4467 17.866 27.7404Z" fill="#BD4D3C"/>
<path d="M16.2592 25.0622C16.2592 24.8549 16.19 24.6648 16.0691 24.492C16.1728 24.5957 16.2937 24.6303 16.5183 24.5957C16.622 24.5784 17.0194 24.4748 17.3823 24.3711C17.365 24.4057 17.0713 25.0795 17.1404 25.3387C16.5183 25.1314 16.1555 25.4942 16.1209 25.5288C16.2246 25.3733 16.2592 25.2177 16.2592 25.0622Z" fill="#066E85"/>
<path d="M16.6565 21.7273C16.7948 21.7273 16.9848 21.7273 17.0712 21.7964C16.2419 23.0059 13.5464 24.3018 12.1468 24.5783C10.7473 24.3018 8.03451 23.0232 7.22241 21.7964C7.29153 21.7273 7.48159 21.7273 7.6371 21.7273L7.67166 21.9346C8.41464 22.6431 10.8682 23.7662 12.1641 23.9217C13.4427 23.7662 15.9136 22.6431 16.6565 21.9346V21.7273Z" fill="#25272B"/>
<path d="M16.7084 21.3473L16.6566 21.7102V21.7275L16.622 21.9348C15.8791 22.6432 13.4255 23.7663 12.1296 23.9218C10.851 23.7663 8.38014 22.6432 7.63716 21.9348V21.7275V21.7102L7.58533 21.3473C7.58533 21.3473 7.96546 20.829 8.38014 20.2933C8.70844 19.8786 9.03673 19.4294 9.24407 19.1875L9.74515 19.8786C10.0907 20.518 11.473 21.7447 12.1469 22.1767C12.8207 21.7447 14.203 20.518 14.5486 19.8786L15.0497 19.1875C15.257 19.4467 15.5853 19.8786 15.9136 20.2933C16.3283 20.829 16.7084 21.3473 16.7084 21.3473Z" fill="#31363D"/>
<path d="M16.2591 25.0622C16.2591 25.2177 16.2246 25.3905 16.1209 25.546C16.0518 25.6497 15.9654 25.7534 15.8444 25.8397C15.3088 26.2544 14.4967 26.2026 14.1166 26.2199C13.9265 26.2199 13.771 26.1335 13.6501 26.0298C13.5464 25.9434 13.4427 25.8225 13.3563 25.7361C14.1166 25.0276 15.6198 24.2847 16.2591 25.0622Z" fill="#25272B"/>
<path d="M16.069 24.492C16.19 24.6475 16.2591 24.8549 16.2591 25.0622C15.6198 24.302 14.1166 25.0449 13.3563 25.7188C13.339 25.7015 13.3217 25.6842 13.3045 25.667C13.1144 25.4942 12.9071 25.546 12.8552 25.5633C12.8725 25.546 12.9071 25.546 12.9243 25.5287C13.0971 25.4251 15.3261 23.9218 15.3952 23.9045C15.4816 23.9045 15.9481 24.3538 16.069 24.492C16.0518 24.492 16.0518 24.4747 16.069 24.492Z" fill="#141517"/>
<path d="M15.4816 31.9045C15.8445 32.2501 16.0864 32.8203 16.0173 33.4251C15.9309 34.2199 15.1879 34.8937 14.4968 34.8246C13.9784 34.7728 13.6501 34.4791 13.3045 34.0298C13.1663 33.4078 13.2009 32.8203 13.2009 32.8203C13.2527 32.8721 13.3218 32.924 13.3909 32.9758C13.6847 33.2004 14.013 33.4596 14.1685 33.5633C14.4968 33.7879 14.9806 33.6497 15.0497 33.2868C15.1188 32.924 14.8596 32.5439 14.2721 32.6475C14.1166 32.6821 13.9611 32.7166 13.8229 32.7685L13.3391 32.0601C13.46 32.0255 13.5983 31.9737 13.7192 31.9218C14.0302 31.8182 14.3067 31.7145 14.4968 31.6281C14.5832 31.5935 14.6695 31.5417 14.7041 31.5244C14.9978 31.559 15.257 31.6972 15.4816 31.9045Z" fill="#DB8660"/>
<path d="M15.879 28.2931C16.2764 28.2067 16.5874 28.0512 16.8638 27.8957C16.8293 27.9475 16.3628 28.8115 15.879 29.6754C16.1036 29.2434 15.6889 28.7942 15.5334 28.656C15.3779 28.5177 14.5139 27.8784 14.5139 27.8784L14.4448 27.6538C14.4794 27.6884 15.326 28.2413 15.879 28.2931Z" fill="#066E85"/>
<path d="M16.1554 18.0815C15.6889 18.8936 15.0323 19.17 15.0323 19.17L14.2202 18.9454C13.8401 17.8914 13.3217 16.5955 13.2354 16.4573C13.9783 16.751 15.015 17.1484 16.1554 18.0815Z" fill="#141517"/>
<path d="M15.0496 19.1702L14.5486 19.8613C14.4794 19.6194 14.3585 19.2911 14.2375 18.9456L15.0496 19.1702Z" fill="#25272B"/>
<path d="M14.3758 30.4186C14.1511 30.1422 13.9265 29.6756 13.7365 28.9327C13.8228 28.8635 13.9092 28.7944 14.0475 28.7944C14.203 28.7944 14.3239 28.7944 14.4449 28.7944C14.4449 29.5201 14.6522 30.2113 15.0496 30.8333C14.8423 30.7988 14.6004 30.6951 14.3758 30.4186Z" fill="#F5ECE7"/>
<path d="M14.4275 27.6538L14.4967 27.8784C14.4967 27.8784 14.3066 28.224 14.1511 28.4313C13.9956 28.6387 13.6673 28.5869 13.3217 28.5005C13.1835 28.7769 12.7861 29.2089 12.2504 29.2607C12.2159 29.2607 12.1813 29.2607 12.1468 29.2607C11.5593 29.2607 11.11 28.8115 10.9718 28.5005C10.6435 28.5869 10.298 28.6387 10.1424 28.4313C9.98694 28.224 9.79688 27.8784 9.79688 27.8784L9.86599 27.6538C9.88327 27.7748 10.0561 27.9994 10.2116 28.1203C10.3498 28.2413 10.5053 28.3104 10.6608 28.2931C10.8163 28.2758 11.0755 28.2067 11.1101 28.2067C11.1446 28.224 11.4211 28.4832 11.5593 28.5696C11.6975 28.656 11.8012 28.7251 12.1468 28.7251C12.4923 28.7251 12.596 28.656 12.7342 28.5696C12.8725 28.4832 13.1489 28.224 13.1835 28.2067C13.218 28.1894 13.4945 28.2586 13.6327 28.2931C13.7882 28.3104 13.9437 28.2413 14.082 28.1203C14.2375 27.9994 14.4103 27.7748 14.4275 27.6538Z" fill="#218D9C"/>
<path d="M13.7364 28.9326C13.9265 29.6756 14.1511 30.1421 14.3757 30.4186C14.2548 30.5395 13.9092 30.5741 13.8055 30.4704C13.7537 30.4186 13.6327 30.3322 13.4945 30.2631C13.3563 30.194 13.1835 30.1248 13.0971 30.1248C12.907 30.1248 12.1468 30.1248 12.1468 30.1248C12.1468 30.1248 11.4038 30.1248 11.1965 30.1248C11.0928 30.1248 10.9373 30.1767 10.7991 30.2631C10.6608 30.3322 10.5399 30.4186 10.488 30.4704C10.3844 30.5914 10.0388 30.5568 9.91785 30.4186C10.1425 30.1421 10.3671 29.6756 10.5572 28.9326C10.6608 29.019 10.7299 29.14 10.8509 29.2264C11.0755 29.3819 11.1965 29.4683 11.3693 29.4683C11.5248 29.4683 12.1468 29.4683 12.1468 29.4683C12.1468 29.4683 12.1986 29.4683 12.2505 29.4683C12.4405 29.4683 12.8034 29.4683 12.9243 29.4683C13.0798 29.4683 13.2181 29.3819 13.4427 29.2264C13.5636 29.14 13.6327 29.019 13.7364 28.9326Z" fill="#25272B"/>
<path d="M13.3909 31.127C13.6846 31.5416 14.1511 31.7835 14.4967 31.6453C14.3066 31.7317 14.0129 31.8354 13.7192 31.939C13.5809 31.8354 13.4773 31.5589 13.3909 31.127Z" fill="#066E85"/>
<path d="M14.2376 18.9455C14.3585 19.291 14.4795 19.602 14.5486 19.8612C14.203 20.5005 12.8207 21.7273 12.1468 22.1593C11.473 21.7273 10.0907 20.5005 9.74512 19.8612C9.81423 19.6193 9.93518 19.291 10.0561 18.9455C10.4363 17.8915 10.9546 16.5956 11.041 16.4573C11.1447 16.2846 12.1468 15.3342 12.1468 15.3342C12.1468 15.3342 13.149 16.2846 13.2527 16.4573C13.3391 16.5956 13.8574 17.8915 14.2376 18.9455Z" fill="#FFAA00"/>
<path d="M13.3391 32.0771L13.8229 32.7856C13.581 32.872 13.3909 32.9756 13.3909 32.9756C13.3218 32.9238 13.2527 32.872 13.2009 32.8201C12.9935 32.6473 12.8207 32.5264 12.8207 32.5264C12.7862 32.4227 12.7171 32.319 12.6134 32.319C12.7171 32.2845 12.838 32.2499 12.959 32.1981C13.0972 32.1635 13.2182 32.129 13.3391 32.0771Z" fill="#BD4D3C"/>
<path d="M13.7192 26.7208C13.6674 26.7208 13.6155 26.7381 13.5637 26.7554C13.3909 26.8245 12.9935 27.0837 12.8726 27.2564C13.0972 26.6344 13.46 26.2197 13.46 26.2197C13.46 26.2197 13.4082 26.5999 13.7192 26.7208Z" fill="#218D9C"/>
<path d="M13.0971 30.1248C13.2008 30.1248 13.3563 30.1766 13.4945 30.263C13.0626 30.0211 12.5097 30.7986 12.1468 30.7986C11.784 30.7986 11.231 30.0211 10.7991 30.263C10.9373 30.1939 11.1101 30.1248 11.1965 30.1248C11.3865 30.1248 12.1468 30.1248 12.1468 30.1248C12.1468 30.1248 12.8898 30.1248 13.0971 30.1248Z" fill="#218D9C"/>
<path d="M13.3045 25.6668C13.3218 25.684 13.339 25.7013 13.3563 25.7186C12.9589 26.0815 12.6825 26.738 12.1468 26.738C11.7494 26.738 11.4902 26.3752 11.231 26.0296C11.1447 25.9087 11.041 25.805 10.9546 25.7186C10.9719 25.7013 10.9891 25.684 11.0064 25.6668C11.1965 25.494 11.4038 25.5458 11.4557 25.5631C11.6112 25.6322 11.7667 25.6668 11.8531 25.6668C11.9395 25.6668 12.1641 25.6668 12.1641 25.6668C12.1641 25.6668 12.3887 25.6668 12.4751 25.6668C12.5615 25.6668 12.717 25.6322 12.8725 25.5631C12.9071 25.5458 13.1144 25.494 13.3045 25.6668Z" fill="#218D9C"/>
<path d="M13.2008 32.8203C13.2008 32.8203 13.1663 33.3905 13.3045 34.0299C13.1835 33.8743 13.0453 33.6843 12.9071 33.4942C12.9071 33.4769 12.9071 33.4769 12.9071 33.4597C12.9071 33.3733 12.8725 32.8203 12.8552 32.6648C12.8552 32.613 12.838 32.5612 12.8207 32.5266C12.8207 32.5266 12.9762 32.6648 13.2008 32.8203Z" fill="#BD4D3C"/>
<path d="M12.1468 31.4897C12.717 31.4897 13.3563 32.0772 12.9762 32.1982C12.8552 32.2327 12.7343 32.2846 12.6306 32.3191C12.3542 32.4055 12.1641 32.4573 12.1641 32.4573C12.1641 32.4573 11.974 32.4055 11.6976 32.3191C11.5939 32.2846 11.4729 32.25 11.352 32.1982C10.9373 32.0772 11.5766 31.4897 12.1468 31.4897Z" fill="#218D9C"/>
<path d="M12.9243 33.4768C12.9243 33.4768 12.9243 33.4941 12.9243 33.5114C12.8898 33.5978 12.717 33.7187 12.5269 33.736C12.3196 33.7706 12.1468 33.5978 12.1468 33.5978C12.1468 33.5978 11.974 33.7533 11.7667 33.736C11.5939 33.7014 11.4038 33.5978 11.3693 33.5114C11.3693 33.4941 11.3693 33.4941 11.3693 33.4768C11.3693 33.3904 11.4038 32.8375 11.4211 32.682C11.4211 32.6302 11.4384 32.5783 11.4557 32.5438C11.4902 32.4401 11.5593 32.3364 11.663 32.3364C11.9395 32.4228 12.1295 32.4747 12.1295 32.4747C12.1295 32.4747 12.3196 32.4228 12.596 32.3364C12.6997 32.3364 12.7688 32.4401 12.8034 32.5438C12.8207 32.5956 12.8379 32.6474 12.8379 32.682C12.8898 32.8375 12.9243 33.3731 12.9243 33.4768Z" fill="#DB8660"/>
<path d="M15.5334 28.6562C15.3779 28.518 14.514 27.8787 14.514 27.8787C14.514 27.8787 14.3239 28.2242 14.1684 28.4316C14.0129 28.6389 13.6846 28.5871 13.339 28.5007C13.2008 28.7772 12.8034 29.2091 12.2678 29.261C12.2332 29.261 12.1987 29.261 12.1641 29.261C11.5766 29.261 11.1274 28.8117 10.9892 28.5007C10.6609 28.5871 10.3153 28.6389 10.1598 28.4316C10.0043 28.2242 9.8142 27.8787 9.8142 27.8787C9.8142 27.8787 8.95027 28.518 8.79477 28.6562C8.63926 28.7944 8.22457 29.2437 8.44919 29.6756C8.44919 29.6756 8.44919 29.6756 8.44919 29.6929C8.69109 30.1076 8.91572 30.5223 9.12306 30.8506C9.3304 31.1962 9.50319 31.4553 9.55502 31.5072C9.5723 31.5072 9.5723 31.5245 9.58958 31.5417C9.64142 31.5763 9.71053 31.6108 9.8142 31.6454C10.1598 31.7836 10.6263 31.5245 10.92 31.127C10.8336 31.559 10.7127 31.8355 10.5917 31.9564C10.7127 32.0083 10.8509 32.0428 10.9719 32.0946C11.0928 32.1292 11.2138 32.181 11.3347 32.2156C10.9546 32.0946 11.5939 31.5072 12.1641 31.5072C12.7343 31.5072 13.3736 32.0946 12.9935 32.2156C13.1144 32.181 13.2354 32.1292 13.3563 32.0946C13.4773 32.0601 13.6155 32.0083 13.7365 31.9564C13.6155 31.8355 13.4945 31.559 13.4082 31.127C13.7019 31.5417 14.1684 31.7836 14.514 31.6454C14.6004 31.6108 14.6868 31.559 14.7213 31.5417C14.7386 31.5245 14.7559 31.5245 14.7559 31.5072C14.8077 31.4553 14.9632 31.2307 15.1533 30.9024C15.3606 30.5568 15.6198 30.1249 15.8617 29.6756C15.8617 29.6756 15.8617 29.6756 15.8617 29.6584C16.1036 29.2437 15.6889 28.7944 15.5334 28.6562ZM14.3758 30.4186C14.2548 30.5396 13.9092 30.5741 13.8056 30.4705C13.7537 30.4186 13.6328 30.3322 13.4945 30.2631C13.0626 30.0212 12.5097 30.7987 12.1468 30.7987C11.784 30.7987 11.2311 30.0212 10.7991 30.2631C10.6609 30.3322 10.5399 30.4186 10.4881 30.4705C10.3844 30.5914 10.0388 30.5568 9.91788 30.4186C9.69325 30.6951 9.45135 30.7987 9.24401 30.8333C9.31312 30.194 9.12306 29.1054 9.14034 28.9672C9.15762 28.829 9.27857 28.7944 9.43407 28.7944C9.53775 28.7944 9.67598 28.7944 9.84876 28.7944C9.96971 28.7944 10.0907 28.7944 10.2462 28.7944C10.3844 28.7944 10.4708 28.8463 10.5572 28.9327C10.6609 29.0191 10.73 29.14 10.8509 29.2264C11.0755 29.3819 11.1965 29.4683 11.3693 29.4683C11.5248 29.4683 12.1468 29.4683 12.1468 29.4683C12.1468 29.4683 12.1987 29.4683 12.2505 29.4683C12.4406 29.4683 12.8034 29.4683 12.9244 29.4683C13.0799 29.4683 13.2181 29.3819 13.4427 29.2264C13.5637 29.14 13.6501 29.0191 13.7365 28.9327C13.8228 28.8635 13.9092 28.7944 14.0475 28.7944C14.203 28.7944 14.3239 28.7944 14.4449 28.7944C14.6177 28.7944 14.7559 28.7944 14.8596 28.7944C15.0151 28.7944 15.136 28.829 15.1533 28.9672C15.1706 29.1054 14.9805 30.194 15.0496 30.8333C14.8423 30.7987 14.6004 30.6951 14.3758 30.4186Z" fill="#09D0EB"/>
<path d="M11.6803 32.319C11.5767 32.319 11.5075 32.4227 11.473 32.5264C11.473 32.5264 11.3175 32.6473 11.0929 32.8201C11.041 32.872 10.9719 32.9238 10.9028 32.9756C10.9028 32.9756 10.7127 32.872 10.4708 32.7856L10.9546 32.0771C11.0756 32.1117 11.1965 32.1635 11.3175 32.1981C11.4557 32.2499 11.5594 32.2845 11.6803 32.319Z" fill="#BD4D3C"/>
<path d="M11.4729 32.5266C11.4557 32.5784 11.4384 32.6303 11.4384 32.6648C11.4038 32.8203 11.3865 33.3733 11.3865 33.4597C11.3865 33.4597 11.3865 33.4769 11.3865 33.4942C11.2483 33.6843 11.1274 33.8743 10.9891 34.0299C11.1274 33.4078 11.0928 32.8203 11.0928 32.8203C11.3174 32.6648 11.4729 32.5266 11.4729 32.5266Z" fill="#BD4D3C"/>
<path d="M11.3693 25.5287C11.3866 25.546 11.4212 25.546 11.4384 25.5633C11.4039 25.546 11.1793 25.4942 10.9892 25.6669C10.9719 25.6842 10.9546 25.7015 10.9374 25.7188C10.1771 25.0276 8.67385 24.2847 8.03455 25.0622C8.03455 24.8548 8.10366 24.6648 8.22461 24.492L8.24189 24.4747C8.34556 24.3538 8.81208 23.8872 8.8812 23.9045C8.96759 23.9218 11.1965 25.425 11.3693 25.5287Z" fill="#141517"/>
<path d="M17.6933 25.9952C17.4687 25.7533 17.1922 25.5286 17.1404 25.3559C16.5183 25.1485 16.1555 25.5114 16.1209 25.5459C16.0518 25.6496 15.9654 25.7533 15.8445 25.8397C15.3088 26.2543 14.4967 26.2025 14.1166 26.2198C13.9266 26.2198 13.771 26.1334 13.6501 26.0297C13.5464 25.9433 13.4428 25.8224 13.3564 25.736C12.959 26.0988 12.6825 26.7554 12.1469 26.7554C11.7494 26.7554 11.4903 26.3926 11.2311 26.047C11.1447 25.9261 11.041 25.8224 10.9546 25.736C10.7473 25.9433 10.5399 26.2371 10.1944 26.2371C9.81424 26.2371 9.00215 26.2716 8.46651 25.8569C8.34556 25.7705 8.25917 25.6669 8.19005 25.5632C8.1555 25.5286 7.79265 25.1658 7.17062 25.3731C7.11878 25.5459 6.84232 25.7705 6.6177 26.0124C6.41036 26.4444 7.53347 26.9628 8.17278 27.0837C8.41468 27.1356 9.19221 27.1356 10.1944 26.8591C10.1771 26.8764 10.1771 26.8764 10.1598 26.8937C10.0216 27.0492 9.86608 27.5502 9.88336 27.6712C9.90064 27.7921 10.0734 28.0168 10.2289 28.1377C10.3672 28.2587 10.5227 28.3278 10.6782 28.3105C10.8337 28.2932 11.0929 28.2241 11.1274 28.2241C11.162 28.2414 11.4384 28.5006 11.5767 28.587C11.7149 28.6734 11.8186 28.7425 12.1641 28.7425C12.5097 28.7425 12.6134 28.6734 12.7516 28.587C12.8898 28.5006 13.1663 28.2414 13.2009 28.2241C13.2354 28.2068 13.5119 28.2759 13.6501 28.3105C13.8056 28.3278 13.9611 28.2587 14.0993 28.1377C14.2376 28.0168 14.4276 27.7921 14.4449 27.6712C14.4622 27.5502 14.3067 27.0492 14.1685 26.8937C14.1512 26.8764 14.1512 26.8764 14.1339 26.8591C15.1361 27.1356 15.9136 27.1183 16.1555 27.0837C16.7775 26.9455 17.9006 26.4271 17.6933 25.9952ZM10.73 26.7381C10.6782 26.7209 10.6263 26.7036 10.5745 26.7036C10.8855 26.5826 10.8337 26.2025 10.8337 26.2025C10.8337 26.2025 11.2138 26.6172 11.4212 27.2392C11.3002 27.0664 10.9028 26.8245 10.73 26.7381ZM13.5637 26.7381C13.3909 26.8073 12.9935 27.0664 12.8726 27.2392C13.0972 26.6172 13.46 26.2025 13.46 26.2025C13.46 26.2025 13.4082 26.5999 13.7192 26.7036C13.6674 26.7209 13.6155 26.7209 13.5637 26.7381Z" fill="#09D0EB"/>
<path d="M11.4211 27.2394C11.2829 27.0666 10.8855 26.8247 10.73 26.7383C10.6781 26.721 10.6263 26.7037 10.5745 26.7037C10.8855 26.5828 10.8336 26.2026 10.8336 26.2026C10.8336 26.2026 11.2138 26.6173 11.4211 27.2394Z" fill="#218D9C"/>
<path d="M11.0929 32.8203C11.0929 32.8203 11.1274 33.3905 10.9892 34.0298C10.6263 34.4963 10.298 34.7728 9.79697 34.8246C9.10582 34.8937 8.36284 34.2199 8.27645 33.4251C8.22461 32.8203 8.44924 32.2501 8.81209 31.9045C9.03671 31.6799 9.29589 31.5417 9.57235 31.5244C9.62418 31.559 9.6933 31.5935 9.79697 31.6281C9.98703 31.7145 10.2808 31.8182 10.5745 31.9218C10.6955 31.9737 10.8337 32.0082 10.9546 32.0601L10.4708 32.7685C10.3326 32.7166 10.1771 32.6648 10.0216 32.6475C9.41684 32.5439 9.17494 32.924 9.24405 33.2868C9.31317 33.6497 9.79697 33.7706 10.1253 33.5633C10.2808 33.4596 10.6091 33.2004 10.9028 32.9758C10.9719 32.924 11.041 32.8721 11.0929 32.8203Z" fill="#DB8660"/>
<path d="M10.9027 31.127C10.8163 31.5589 10.6954 31.8354 10.5744 31.9563C10.2634 31.8527 9.98694 31.749 9.79688 31.6626C10.1424 31.8008 10.609 31.5416 10.9027 31.127Z" fill="#066E85"/>
<path d="M11.0409 16.4746C10.9545 16.6128 10.4362 17.9087 10.0561 18.9627L9.24396 19.1874C9.24396 19.1874 8.60465 18.9109 8.12085 18.0988C9.27852 17.1485 10.3152 16.7511 11.0409 16.4746Z" fill="#141517"/>
<path d="M9.91788 30.4186C9.69326 30.6951 9.45136 30.7988 9.24402 30.8333C9.64143 30.2113 9.84877 29.5201 9.84877 28.7944C9.96972 28.7944 10.0907 28.7944 10.2462 28.7944C10.3844 28.7944 10.4708 28.8463 10.5572 28.9327C10.3671 29.6756 10.1425 30.1422 9.91788 30.4186Z" fill="#F5ECE7"/>
<path d="M10.9374 25.7188C10.73 25.9261 10.5227 26.2199 10.1771 26.2199C9.79697 26.2199 8.98487 26.2544 8.44923 25.8397C8.32828 25.7533 8.24189 25.6497 8.17277 25.546C8.0691 25.3905 8.03455 25.2177 8.03455 25.0622C8.67385 24.2847 10.1771 25.0276 10.9374 25.7188Z" fill="#25272B"/>
<path d="M10.1771 26.8418C10.1598 26.8591 10.1598 26.8591 10.1425 26.8764C10.0043 27.0319 9.84881 27.533 9.86609 27.6539C9.81426 27.6885 8.9676 28.2414 8.41469 28.3105C8.01728 28.2241 7.70626 28.0686 7.42981 27.9131C7.0324 27.6539 6.75594 27.3429 6.58315 27.0837C6.39309 26.79 6.32397 26.5481 6.32397 26.479C6.35853 26.3235 6.4622 26.168 6.58315 26.0125C6.37581 26.4444 7.49892 26.9628 8.13823 27.0837C8.39741 27.1183 9.17495 27.1183 10.1771 26.8418Z" fill="#218D9C"/>
<path d="M10.0561 18.9456C9.93516 19.2911 9.81421 19.6021 9.7451 19.8613L9.24402 19.1702L10.0561 18.9456Z" fill="#25272B"/>
<path d="M9.86603 27.6538L9.79691 27.8784C9.79691 27.8784 8.93298 28.5177 8.77748 28.656C8.62197 28.7942 8.20728 29.2434 8.4319 29.6754C7.9481 28.8115 7.4643 27.9475 7.44702 27.8957C7.7062 28.0685 8.03449 28.2067 8.4319 28.2931C8.96754 28.2413 9.81419 27.6884 9.86603 27.6538Z" fill="#066E85"/>
<path d="M9.5377 31.5071C9.55498 31.5071 9.55498 31.5243 9.57225 31.5416C9.2958 31.5589 9.03662 31.6971 8.812 31.9218C8.67377 31.8181 8.34547 31.317 7.9999 30.695C7.86167 30.4358 7.70616 30.1593 7.55066 29.8829C6.98046 28.8289 6.44482 27.7576 6.44482 27.7576C6.51394 27.4639 6.60033 27.0837 6.60033 27.0837C6.77312 27.3429 7.04958 27.6539 7.44698 27.9131C7.48154 27.965 7.94806 28.8289 8.43187 29.6928C8.43187 29.6928 8.43187 29.6928 8.43187 29.7101C8.67377 30.1248 8.89839 30.5395 9.10573 30.8678C9.31308 31.1961 9.46858 31.4552 9.5377 31.5071Z" fill="#BD4D3C"/>
<path d="M8.13816 18.0815C8.60468 18.8936 9.26127 19.1701 9.26127 19.1701C9.05393 19.4293 8.72563 19.8612 8.39734 20.2759C6.44486 18.79 5.75371 16.9066 5.80555 14.8332C6.30663 13.9865 7.80987 13.4682 8.44918 13.6237C7.23967 14.453 7.56797 16.5783 7.84442 17.425C7.93082 17.6841 8.01721 17.8915 8.13816 18.0815Z" fill="#FFAA00"/>
<path d="M8.38009 20.2933C7.96541 20.8462 7.58528 21.3473 7.58528 21.3473L7.63711 21.7101C7.03236 21.2781 6.514 20.8116 6.08204 20.3624C4.26778 18.4272 3.90493 16.4056 3.57664 14.9715C3.17923 13.1918 2.72998 12.0514 2.15979 11.0146C4.04316 11.7404 5.44273 13.5028 5.80558 14.8505C5.73646 16.9067 6.44489 18.79 8.38009 20.2933Z" fill="#FF7B00"/>
<path d="M8.43193 13.641C7.79262 13.4855 6.28938 14.0039 5.7883 14.8506C5.44273 13.5028 4.04316 11.7404 2.15979 11.0147C4.31962 10.289 6.13387 11.9305 6.44489 12.9672C7.04964 12.8117 8.0518 13.0881 8.43193 13.641Z" fill="#FFC85C"/>
<path d="M8.03449 25.062C8.03449 25.2176 8.06904 25.3903 8.17272 25.5459C8.13816 25.5113 7.77531 25.1484 7.15328 25.3558C7.23967 25.0966 6.92866 24.4227 6.91138 24.3882C7.29151 24.4919 7.67164 24.5782 7.77531 24.6128C7.99993 24.6474 8.12088 24.6128 8.22455 24.5091C8.12088 24.6474 8.05177 24.8547 8.03449 25.062Z" fill="#066E85"/>
<path d="M7.63714 21.71V21.7273C7.49891 21.7273 7.30884 21.7273 7.22245 21.7964C7.17061 21.8309 6.73865 22.2111 6.34124 22.5739C5.892 22.5048 5.46003 22.332 5.06262 22.0901C5.39092 21.4335 5.73649 20.8461 6.08206 20.345C6.51403 20.8115 7.01511 21.2607 7.63714 21.71Z" fill="#141517"/>
<path d="M7.55074 29.8828C7.70625 30.1593 7.84448 30.4357 7.99999 30.6949C7.99999 30.6949 6.08206 30.4703 4.87256 31.0923C4.95895 30.8159 5.06262 30.4703 5.16629 30.142C6.39308 29.6755 7.55074 29.8828 7.55074 29.8828Z" fill="#F25900"/>
<path d="M7.55071 29.8828C7.55071 29.8828 6.39304 29.6755 5.16626 30.142C5.26993 29.831 5.35632 29.52 5.44272 29.2608C5.56367 28.8807 5.65006 28.6042 5.65006 28.6042C6.13386 28.466 6.34121 28.1723 6.39304 27.9822C6.41032 27.9304 6.4276 27.844 6.44488 27.7576C6.44488 27.7576 6.98052 28.8116 7.55071 29.8828Z" fill="#141517"/>
<path d="M6.91146 24.3882C6.92874 24.4228 7.22247 25.0966 7.15336 25.3558C7.10152 25.5286 6.82507 25.7532 6.60044 25.9951C6.46222 26.1506 6.35854 26.3061 6.34127 26.4616C6.32399 26.5307 6.41038 26.7726 6.60044 27.0664C6.60044 27.0664 6.51405 27.4465 6.44494 27.7403C6.18576 27.9303 5.44278 28.0513 4.6134 27.8958C4.76891 27.6884 4.87258 27.4292 4.95898 27.1701C5.16632 26.5653 5.84018 23.7834 5.84018 23.7834C5.94386 23.9562 6.04753 24.1117 6.09936 24.129C6.13392 24.1636 6.51405 24.2672 6.91146 24.3882Z" fill="#25272B"/>
<path d="M4.71704 28.6387C4.4233 28.6042 4.02589 28.5178 3.61121 28.4141C4.09501 28.3968 4.40602 28.1895 4.61337 27.8957C5.42546 28.0512 6.16844 27.9303 6.4449 27.7402C6.42762 27.8266 6.41034 27.8957 6.39306 27.9649C6.34123 28.1549 6.13388 28.4659 5.65008 28.5869C5.46002 28.6387 5.21812 28.6733 4.94166 28.656C4.85527 28.656 4.80343 28.656 4.71704 28.6387Z" fill="#FF7B00"/>
<path d="M1.79697 27.8785C1.24406 27.6885 0.794813 27.533 0.639306 27.4639C0.190062 27.2565 -0.120953 26.7382 0.08639 26.1507C0.276455 25.5632 1.90064 21.3472 2.0216 21.0708C2.24622 20.5524 2.90281 20.4142 3.38661 20.8116C3.7149 21.0708 4.30237 21.6755 5.04535 22.1075C5.44276 22.3321 5.87473 22.5222 6.32397 22.5913C6.04751 22.8505 5.77106 23.0924 5.65011 23.2133C4.28509 22.8332 3.14471 21.8656 2.97192 21.7619C2.81641 21.6582 2.6609 21.7965 2.60907 21.9001C2.55723 22.0038 1.03671 25.9433 0.933042 26.168C0.829371 26.3926 0.915764 26.669 1.08855 26.7727C1.9352 27.2565 3.57667 27.723 4.45788 27.9131C4.50972 27.9304 4.54427 27.9304 4.59611 27.9477C4.38877 28.2414 4.07775 28.4487 3.59395 28.466C3.00648 28.2587 2.34989 28.0513 1.79697 27.8785Z" fill="#FFAA00"/>
<path d="M5.66737 23.1961C5.63281 23.2479 5.59826 23.2652 5.59826 23.2825C5.58098 23.3343 5.70193 23.5762 5.84016 23.8008C5.84016 23.8008 5.16629 26.5827 4.95895 27.1874C4.87256 27.4466 4.76888 27.7058 4.61338 27.9131C4.56154 27.9131 4.52698 27.8959 4.47515 27.8786C3.61122 27.6885 1.96975 27.222 1.10582 26.7382C0.93303 26.6345 0.846637 26.3581 0.950309 26.1334C1.05398 25.9088 2.5745 21.9693 2.62633 21.8656C2.67817 21.7619 2.83368 21.6237 2.98919 21.7274C3.16197 21.8483 4.30236 22.8159 5.66737 23.1961Z" fill="#31363D"/>
<path d="M5.63275 28.6042C5.63275 28.6042 5.54636 28.8807 5.42541 29.2608C5.18351 29.3645 4.87249 29.3991 4.50964 29.3818C4.61332 28.9844 4.69971 28.6906 4.71699 28.6561C4.7861 28.6561 4.85522 28.6734 4.92433 28.6734C5.21807 28.6734 5.44269 28.6561 5.63275 28.6042Z" fill="#F25900"/>
<path d="M5.44269 29.2437C5.3563 29.5028 5.26991 29.8138 5.16624 30.1249C5.06256 30.4532 4.95889 30.7987 4.8725 31.0752C4.76883 31.4035 4.69971 31.6627 4.66516 31.7491C4.54421 32.1119 4.33686 32.3192 3.85306 32.4229C3.36926 32.5266 0.570123 32.8894 0.328222 32.9067C0.0863216 32.924 -0.103743 32.613 0.069043 32.181C0.1036 32.0946 0.189993 31.8873 0.293665 31.5935C0.138157 32.0082 0.466451 32.1119 0.794745 32.0773C1.14032 32.0255 3.0928 31.7318 3.38654 31.6799C3.68027 31.6281 3.87034 31.4726 3.97401 31.2134C4.04313 31.0579 4.31958 30.073 4.52693 29.3646C4.8725 29.3992 5.20079 29.3646 5.44269 29.2437Z" fill="#FFAA00"/>
<path d="M4.71705 28.6389C4.71705 28.6734 4.63066 28.9672 4.50971 29.3646C3.64578 29.3127 2.53995 28.9499 1.52051 28.5352C1.67602 28.1551 1.77969 27.8959 1.79697 27.8613C2.34988 28.0341 3.00647 28.2415 3.61122 28.397C4.02591 28.5179 4.42332 28.6043 4.71705 28.6389Z" fill="#25272B"/>
<path d="M4.50968 29.3645C4.31961 30.073 4.02587 31.0578 3.97404 31.2306C3.87037 31.4898 3.6803 31.6453 3.38657 31.6971C3.09283 31.749 1.14035 32.0427 0.794773 32.0946C0.466479 32.1464 0.138186 32.0254 0.293693 31.6107C0.621987 30.7987 1.19218 29.3818 1.53775 28.5352C2.53991 28.9498 3.66302 29.33 4.50968 29.3645Z" fill="#31363D"/>
</g>
<path fill-rule="evenodd" clip-rule="evenodd" d="M5.6664 18.1817C5.59243 18.0838 5.50505 17.9681 5.48059 17.8516C5.53512 18.8307 4.38846 19.0092 3.53445 19.1244C3.67058 19.1116 3.80357 19.1074 3.93521 19.1032C4.21912 19.0943 4.49677 19.0855 4.78613 18.9918C4.89787 18.9543 4.99124 18.8939 5.07848 18.8373C5.26192 18.7185 5.41828 18.6172 5.66137 18.7844C5.84137 18.3062 6.10503 18.3828 6.36432 18.4581C6.57653 18.5197 6.78581 18.5805 6.94391 18.3356L6.96062 18.3426C7.20913 18.4469 7.59861 18.6104 7.91573 18.6915C7.94635 18.719 7.97751 18.7468 8.00909 18.775C8.16948 18.9183 8.34074 19.0712 8.50688 19.2312C8.52658 19.2536 8.54745 19.2758 8.56846 19.2982C8.62815 19.3618 8.68888 19.4264 8.72659 19.4995C8.7876 19.6057 8.84128 19.7219 8.88762 19.8481C8.93121 19.9538 8.97202 20.0633 9.01064 20.1758C8.7973 20.0532 8.54095 19.8928 8.23532 19.6838C8.23532 19.6838 8.89347 20.4137 9.21908 20.8921C9.26064 21.0666 9.29515 21.2391 9.31955 21.4091C9.3181 21.4118 9.31665 21.4146 9.31521 21.4173C9.23504 21.57 9.15737 21.7179 9.04346 21.8223C8.96887 21.9093 8.89427 21.9839 8.80724 22.0461C8.72021 22.1083 8.63318 22.1704 8.55858 22.1829C8.45734 22.2082 8.32747 22.1476 8.18839 22.0827C8.12253 22.052 8.05459 22.0203 7.98666 21.9964L7.98661 21.9963C7.87473 21.959 7.76285 21.9218 7.65097 21.8969L7.55151 21.8845C7.50178 21.872 7.45204 21.8596 7.41474 21.8596L7.15365 21.8347C7.16331 21.8927 7.18798 21.9506 7.21017 22.0028C7.21654 22.0177 7.2227 22.0322 7.22825 22.0461C7.23201 22.0536 7.23578 22.0623 7.23989 22.0718C7.24935 22.0935 7.26064 22.1195 7.27798 22.1456C7.29041 22.1829 7.31528 22.2201 7.32771 22.2326C7.36538 22.2985 7.41017 22.3644 7.45129 22.4249C7.46447 22.4443 7.47727 22.4631 7.48934 22.4812C7.55193 22.583 7.61945 22.6797 7.68569 22.7747C7.72471 22.8306 7.76329 22.886 7.80017 22.9413C7.8872 23.078 7.97423 23.2272 8.02396 23.364C7.99954 23.4373 7.97511 23.5145 7.95026 23.5932C7.89918 23.7547 7.84627 23.9221 7.78773 24.0727C7.76908 24.0851 7.75665 24.0944 7.74422 24.1037C7.73178 24.1131 7.71935 24.1224 7.7007 24.1348C7.68205 24.1473 7.6603 24.1597 7.63854 24.1721C7.61678 24.1846 7.59502 24.197 7.57637 24.2094C7.58881 24.2343 7.59813 24.2592 7.60746 24.284C7.61678 24.3089 7.62611 24.3338 7.63854 24.3586C7.63232 24.3648 7.62611 24.3742 7.61989 24.3835C7.61367 24.3928 7.60746 24.4021 7.60124 24.4084C7.49832 24.5487 7.36547 24.631 7.23979 24.7088C7.03146 24.8378 6.84283 24.9546 6.84283 25.3035C6.5263 25.6893 6.13107 25.8783 5.67593 26.096C5.55899 26.1519 5.4381 26.2098 5.31357 26.2733C5.45264 26.3878 5.50559 26.5346 5.55741 26.6783C5.58435 26.7531 5.61099 26.8269 5.64926 26.895C5.59332 26.8887 5.53115 26.8918 5.46899 26.895C5.40682 26.8981 5.34465 26.9012 5.2887 26.895C5.5871 27.3301 5.42547 27.9145 4.82869 27.8026C4.66706 28.5237 4.55516 28.8842 4.25677 29.1329C3.51225 29.1449 2.80253 28.8438 2.094 28.5431C2.06894 28.5325 2.04389 28.5219 2.01883 28.5112C2.01015 28.8587 2.29274 29.0605 2.59104 29.2735C2.71972 29.3654 2.85133 29.4594 2.96374 29.568C3.06918 29.679 3.16967 29.8148 3.27294 29.9543C3.40103 30.1274 3.53341 30.3062 3.68485 30.4508C3.70757 30.4811 3.7303 30.5102 3.75267 30.5389C3.80374 30.6044 3.85298 30.6676 3.89621 30.7367C3.87615 30.7869 3.86418 30.837 3.86031 30.8546C3.86603 30.8383 3.88893 30.8062 3.92108 30.774C3.97081 30.8611 4.02054 30.9605 4.0454 31.0724C4.08151 31.2169 3.90791 31.8003 3.78628 32.2092C3.74038 32.3634 3.70188 32.4929 3.68485 32.5644C2.62805 32.6887 0.93716 36.4062 2.11829 37.1273C2.10696 37.2973 2.19376 37.4647 2.27983 37.6307C2.38261 37.8289 2.48436 38.0252 2.41669 38.2214C2.37456 38.3478 2.20206 38.3737 2.03581 38.3987C1.76042 38.4401 1.50219 38.479 1.88207 38.9674C0.744778 40.161 0.586515 42.4866 0.474415 44.1338C0.46274 44.3054 0.451567 44.4696 0.43984 44.6244C0.52356 44.2709 0.599449 43.9179 0.674913 43.5668C1.0029 42.041 1.32285 40.5525 2.24262 39.2285C2.32236 39.1149 2.5167 38.89 2.76793 38.5993C3.80938 37.3942 5.82863 35.0576 4.71679 34.8272C4.94058 34.5661 5.27627 34.7153 5.53736 34.9391C5.54244 34.8324 5.56413 34.7652 5.58376 34.7043C5.61217 34.6162 5.63629 34.5414 5.59953 34.3796C5.91035 34.4418 6.30821 34.4791 6.6066 34.2677C6.20376 33.4543 6.62636 32.9691 7.09839 32.4271C7.38391 32.0993 7.68751 31.7508 7.83747 31.2962C7.93 31.0128 7.95528 30.7806 7.97962 30.5569C8.00762 30.2997 8.03438 30.0538 8.16072 29.7545C8.34722 29.3194 8.74507 28.4864 9.21753 28.9464C9.60295 28.3496 9.87647 28.2128 10.523 28.2128L10.5479 28.2377C10.7468 28.4242 10.9208 28.6107 11.07 28.8345L11.0825 28.8469C11.0983 28.8489 11.1135 28.8499 11.1281 28.8509C11.205 28.8562 11.2645 28.8602 11.3063 28.9961C11.5564 28.8961 12.1527 29.1503 12.5251 29.3635C12.3943 29.5537 12.287 29.7762 12.1821 29.9935C12.0977 30.1682 12.0149 30.3397 11.9229 30.4884C12.0904 30.3966 12.2523 30.3035 12.4114 30.2121C12.9839 29.8829 13.5196 29.5749 14.1501 29.4211C14.3214 29.8107 14.5838 30.0832 14.8419 30.3513C15.0196 30.5359 15.1952 30.7184 15.3379 30.9356C15.4543 31.115 15.5386 31.3137 15.6248 31.517C15.7639 31.8448 15.9079 32.1845 16.2002 32.4741C15.8762 32.6223 15.7342 32.7957 15.6759 33.1073C16.2644 32.7315 16.3444 32.8376 16.502 33.0466C16.5763 33.1452 16.6678 33.2666 16.8381 33.3713C17.0222 33.4817 17.2374 33.5561 17.4549 33.6312C17.7938 33.7483 18.1383 33.8673 18.3794 34.1279C18.4618 34.2121 18.5271 34.371 18.5941 34.5343C18.6562 34.6854 18.7198 34.8403 18.7999 34.9432C18.8833 35.0504 18.9862 35.1255 19.0879 35.1998C19.1895 35.2741 19.2899 35.3474 19.3683 35.4509C19.7675 35.9582 20.0556 36.3226 20.4722 36.8272C21.3362 37.8989 21.981 39.132 22.6253 40.3642C23.017 41.1134 23.4086 41.8622 23.8491 42.5742C23.3323 41.7115 22.9621 40.7133 22.5922 39.716C22.0932 38.3705 21.5949 37.0268 20.7382 36.0206C20.9947 35.7749 21.3645 35.7202 21.7266 35.6666C21.9436 35.6345 22.158 35.6028 22.3435 35.5305C22.072 35.5153 21.8696 35.5279 21.7076 35.538C21.2428 35.5671 21.1095 35.5754 20.6265 34.8458C20.4202 34.5291 20.1529 34.2454 19.8902 33.9667C19.6169 33.6766 19.3486 33.392 19.1596 33.0811C18.5576 32.0715 18.6779 30.5581 19.6079 29.9595C19.1736 30.0271 18.6292 29.845 18.296 29.6477C18.1507 29.3386 18.0607 28.9583 17.9711 28.5798C17.8636 28.126 17.7567 27.6747 17.556 27.3517C17.569 27.4994 17.5435 27.6334 17.5179 27.7683C17.4978 27.874 17.4776 27.9802 17.4758 28.0938C17.4441 28.0128 17.3853 27.9386 17.3273 27.8655C17.2772 27.8023 17.2278 27.7399 17.197 27.6745C17.1082 27.7328 16.9947 27.8039 16.8931 27.8375C16.874 27.7609 16.831 27.6822 16.7869 27.6014C16.7224 27.4833 16.6554 27.3607 16.6568 27.2337C16.1784 27.0971 16.0269 26.1838 15.879 25.2918C15.8024 24.8298 15.7268 24.3735 15.6071 24.0339C15.6743 23.9419 15.7437 23.8645 15.819 23.7806C15.8259 23.7729 15.8329 23.7652 15.8399 23.7574C16.119 23.6072 16.3981 23.457 16.5248 23.2415C16.5184 23.2292 16.5138 23.2143 16.5093 23.1994C16.5048 23.1846 16.5002 23.1697 16.4939 23.1574C16.5264 23.1275 16.5603 23.106 16.5887 23.0881C16.601 23.0803 16.6123 23.0731 16.622 23.0662C16.6267 23.0388 16.6359 22.984 16.6479 22.9465C16.6653 22.9438 16.6799 22.9238 16.6873 22.9137C16.6859 22.905 16.6827 22.8989 16.6795 22.8927C16.6764 22.8865 16.6732 22.8803 16.6718 22.8716C16.6691 22.8543 16.6838 22.8342 16.6911 22.8241L16.6409 22.7875L16.6382 22.7701C16.9448 22.6818 17.0544 22.4891 17.1715 22.2833C17.2853 22.0832 17.4062 21.8707 17.7219 21.7295C17.3445 21.7823 17.0156 21.9936 16.6867 22.205C16.5222 22.3107 16.3578 22.4163 16.1872 22.5022C15.7691 22.2737 15.2193 22.0567 14.8838 22.0734C14.8788 22.0697 14.8756 22.0635 14.8724 22.0574C14.8692 22.0512 14.866 22.045 14.861 22.0413C14.4823 21.4934 14.0524 21.3165 13.7454 21.2589C13.7057 21.1953 13.671 21.1296 13.6437 21.0639C13.6386 21.0487 13.6339 21.0333 13.6296 21.0179C13.7956 20.8508 13.7569 20.6464 13.6595 20.4592C13.7037 20.3424 13.7669 20.2274 13.8302 20.119C13.9805 19.8683 14.1794 19.6339 14.3812 19.396C14.4296 19.3389 14.4783 19.2816 14.5264 19.2238L14.5424 19.2043C14.7614 18.9367 14.9906 18.6566 15.1605 18.3411C15.1807 18.3492 15.201 18.3586 15.2204 18.3676C15.2605 18.3863 15.297 18.4032 15.3221 18.4032L15.5708 18.4654L15.4962 18.2292C15.49 18.2105 15.4869 18.1919 15.4837 18.1732C15.4806 18.1546 15.4775 18.1359 15.4713 18.1173L15.4589 18.0551L15.521 18.08L15.5583 18.0924C15.5765 18.0924 15.5881 18.0991 15.6027 18.1075C15.6081 18.1106 15.6138 18.1139 15.6205 18.1173C15.6702 18.1297 15.7075 18.1546 15.7573 18.1919L16.1178 18.5027L16.0432 18.1919C16.0308 18.1359 16.0184 18.0831 16.0059 18.0302C15.9935 17.9774 15.9811 17.9246 15.9686 17.8686L15.9562 17.794L15.9438 17.7567L15.9313 17.6821L15.9065 17.5205C15.8816 17.3091 15.8692 17.0978 15.8816 16.8864C15.894 16.6377 15.9313 16.4015 15.9935 16.1653C16.0554 16.124 16.1254 16.0849 16.1954 16.0457C16.4631 15.8959 16.7329 15.7449 16.5654 15.469C16.5654 15.421 16.571 15.3841 16.5764 15.3483C16.585 15.2915 16.5931 15.2374 16.5779 15.1458C16.7996 15.2705 16.917 15.1674 17.0464 15.0538C17.1492 14.9636 17.2596 14.8668 17.4357 14.8723C17.208 14.7036 17.2835 14.3691 17.3517 14.0665C17.3841 13.923 17.4149 13.7867 17.4109 13.6787L19.4872 14.2133C19.154 13.969 18.7678 13.7643 18.4417 13.5914C18.2203 13.4741 18.0265 13.3713 17.8957 13.2808C17.9591 13.1894 18.11 13.1138 18.2472 13.0452C18.3523 12.9925 18.4494 12.944 18.4925 12.8954C18.5942 12.7865 18.6534 12.5333 18.7099 12.2921C18.7501 12.1203 18.7889 11.9545 18.8407 11.851C18.9028 11.7267 18.9774 11.6024 19.052 11.4781C19.0935 11.4325 19.1363 11.3855 19.1791 11.3385C19.2647 11.2446 19.3504 11.1507 19.425 11.0678C19.4437 11.0553 19.4592 11.0429 19.4747 11.0305C19.4903 11.018 19.5058 11.0056 19.5245 10.9932C19.6149 10.9229 19.7296 10.8769 19.849 10.8291C19.8774 10.8177 19.9061 10.8062 19.9348 10.7942C20.171 10.8688 20.4196 10.9434 20.6559 11.0056C20.5903 10.9532 20.5041 10.8973 20.4154 10.8398C20.3357 10.7882 20.254 10.7353 20.1834 10.6823C20.3077 10.6077 20.3948 10.5083 20.4445 10.3591C20.4196 10.3591 20.3326 10.3964 20.3326 10.3964C20.3707 10.3108 20.4524 10.1596 20.4943 10.0822C20.5071 10.0585 20.5162 10.0417 20.5191 10.0358C20.7624 10.1204 21.2216 9.55723 21.5599 9.14223C21.6193 9.0694 21.675 9.00113 21.7251 8.94173C21.75 8.92929 21.7624 8.91686 21.7748 8.90443C22.1727 8.5936 22.4338 8.35738 22.5705 8.22061L22.67 8.12115C22.6546 8.12883 22.6298 8.15077 22.5954 8.18107C22.5742 8.19981 22.5493 8.22174 22.5208 8.24548L22.2597 8.43198C22.3222 8.38337 22.3789 8.33961 22.4289 8.30096C22.5581 8.20123 22.6431 8.1356 22.67 8.10872C22.651 8.12393 22.6122 8.15195 22.5547 8.19347C22.4957 8.23604 22.4171 8.29281 22.32 8.36455C22.1991 8.46614 22.0477 8.58677 21.8619 8.73037L21.9421 8.65016C21.9239 8.66418 21.9055 8.67848 21.8867 8.69307C21.8121 8.7428 21.75 8.79253 21.6754 8.8547C21.4018 9.04119 21.1408 9.22769 20.8797 9.42661C20.8299 9.46391 20.7833 9.50432 20.7367 9.54473C20.6901 9.58514 20.6434 9.62554 20.5937 9.66284C20.5875 9.66284 20.5844 9.66595 20.5813 9.66906C20.5782 9.67216 20.5751 9.67527 20.5688 9.67527C20.4648 9.74841 20.3568 9.82283 20.2458 9.89938C19.8663 10.1612 19.4504 10.4479 19.0271 10.7942C18.7288 11.0429 18.4304 11.3164 18.132 11.6148C17.6222 11.5154 17.1622 11.0305 16.8389 10.5953C16.8016 10.9932 16.8762 11.3662 17.2741 11.4035C17.2803 11.4159 17.2896 11.4314 17.299 11.447C17.3083 11.4625 17.3176 11.4781 17.3238 11.4905C17.2368 11.8013 17.2119 12.2738 17.1995 12.597C16.727 13.1565 16.2546 13.7657 15.8194 14.4371L15.6454 14.7231C15.5956 14.8101 15.5335 14.8971 15.4589 14.9842C15.3221 15.1458 15.1356 15.295 14.9367 15.3571C14.7378 15.4317 14.5015 15.4069 14.3026 15.3074C14.2902 15.3012 14.2809 15.295 14.2715 15.2888C14.2622 15.2825 14.2529 15.2763 14.2404 15.2701C14.2653 15.3696 14.2778 15.469 14.2902 15.5685C14.2715 15.5623 14.2529 15.553 14.2342 15.5436C14.2156 15.5343 14.1969 15.525 14.1783 15.5188C14.1037 15.4815 14.0415 15.4442 13.9794 15.3944C13.9918 15.469 14.0042 15.5436 14.0167 15.6307C14.0291 15.7426 14.0291 15.8669 14.0167 15.9788C14.0167 16.0285 14.0042 16.0907 13.9918 16.1404C13.9918 16.1529 13.9794 16.1777 13.9669 16.1902L13.9172 16.2399C13.8588 16.2982 13.7777 16.3414 13.6915 16.3872C13.6675 16.3999 13.6432 16.4128 13.6188 16.4264C13.5939 16.4388 13.5691 16.4507 13.5442 16.4627C13.4447 16.5104 13.3453 16.5582 13.2458 16.6377C13.221 16.6502 13.1837 16.6875 13.1588 16.7123L13.1588 16.7123C13.1339 16.7372 13.1091 16.7745 13.1091 16.7869C13.1028 16.7932 13.0997 16.8025 13.0966 16.8118C13.0935 16.8211 13.0904 16.8305 13.0842 16.8367C13.0593 16.9113 13.0345 16.9859 13.022 17.048C13.0133 17.0961 13.0168 17.1627 13.0203 17.2267C13.0266 17.3445 13.0324 17.4533 12.9599 17.421C12.3133 17.1475 12.1766 17.0978 12.2263 17.1475L11.956 16.9918C11.9483 16.9618 11.9412 16.9314 11.9343 16.9005C11.9127 16.7615 11.881 16.6152 11.8219 16.4642C11.7911 16.38 11.7528 16.3059 11.7073 16.2418C11.6517 16.1704 11.6188 16.131 11.503 16.0156C11.4609 16.031 11.4188 16.0465 11.3841 16.0519C11.3754 16.0532 11.3642 16.0528 11.353 16.0523C11.3418 16.0518 11.3306 16.0513 11.3219 16.0527C11.2872 16.0581 11.2424 16.0562 11.2049 16.0442C11.1154 16.0403 11.0405 16.0164 10.9629 15.9751C10.8103 15.9099 10.6671 15.7898 10.5559 15.647C10.4447 15.5041 10.3555 15.3312 10.3184 15.1501C10.2948 15.0559 10.2887 14.959 10.3025 14.8767C10.3045 14.832 10.3164 14.7945 10.3357 14.747C10.3357 14.747 10.3477 14.7096 10.3624 14.6895C10.367 14.6621 10.3817 14.642 10.4037 14.6119L10.5037 14.454L10.0724 14.3698L9.81564 14.3208C9.64112 14.2857 9.47395 14.2406 9.30677 14.1954L9.30676 14.1954C9.08476 14.141 8.88746 14.0738 8.68012 13.9993L8.5002 13.9295L8.49016 13.9221C8.5002 13.9295 8.50753 13.9194 8.50753 13.9194L8.89168 13.8151L9.27583 13.7109L9.37003 13.6873L9.52369 13.6456L9.86846 13.5741C9.80282 13.4954 9.72984 13.4267 9.65686 13.3579C9.63679 13.3433 9.61854 13.3261 9.60029 13.3089C9.58205 13.2917 9.56381 13.2746 9.54373 13.2599L9.49354 13.2232L9.45338 13.1939L9.18233 12.9958C8.99429 12.8738 8.81629 12.7592 8.641 12.6619C8.47662 12.5707 8.31869 12.4706 8.16944 12.3761C8.15953 12.3698 8.14966 12.3636 8.13983 12.3573L7.94176 12.228L7.89156 12.1914L7.86144 12.1693C7.86511 12.1643 7.86009 12.1607 7.85633 12.1579C7.85256 12.1552 7.85005 12.1533 7.85874 12.152C7.89349 12.1466 7.94561 12.1385 7.98769 12.123C8.06452 12.1021 8.16606 12.0685 8.24018 12.0303C8.40581 11.9512 8.54131 11.85 8.65945 11.7515C8.90305 11.5446 9.06441 11.3237 9.17906 11.1457C9.38173 10.8472 9.49368 10.6519 9.52031 10.5943L9.52765 10.5843C9.52567 10.585 9.52346 10.5858 9.521 10.5868C9.47116 10.6052 9.32272 10.6603 9.08134 10.6894C8.78328 10.718 8.36013 10.686 7.86322 10.5231C7.37364 10.3501 6.80568 10.0738 6.29755 9.61012C6.17167 9.48736 6.05313 9.35455 5.95196 9.21905C5.85813 9.0735 5.77163 8.91792 5.74459 8.74418C5.71754 8.57044 5.7627 8.40326 5.8928 8.26735C5.9171 8.23408 5.94326 8.21274 5.97391 8.18773C5.98026 8.18256 5.9868 8.17722 5.99356 8.17159C6.00262 8.15918 6.01272 8.15341 6.02668 8.14543C6.03531 8.1405 6.04541 8.13472 6.05765 8.12602C6.09702 8.0932 6.14644 8.06771 6.19586 8.04223C6.3245 7.98363 6.49593 7.91496 6.65541 7.85108C6.75344 7.81182 6.84694 7.77436 6.92322 7.74217L6.25876 7.70324C6.23636 7.70227 6.21581 7.6988 6.19525 7.69533C6.17469 7.69186 6.15413 7.68838 6.13173 7.68742C6.11301 7.68144 6.09679 7.67729 6.08057 7.67314C6.06436 7.66899 6.04814 7.66484 6.02942 7.65886C6.01128 7.65149 5.99753 7.64733 5.98579 7.64377C5.96679 7.63802 5.95305 7.63386 5.93443 7.62026C5.82671 7.55695 5.72632 7.4836 5.63056 7.38284C5.43904 7.18132 5.2842 6.92961 5.12935 6.6779C5.12008 6.66278 5.11079 6.64764 5.1015 6.63249C4.83629 6.19998 4.5643 5.7564 4.16402 5.44907L4.08371 5.39039L4.01344 5.33905L4.01536 5.29426C4.02114 5.1599 3.99217 5.03095 3.9632 4.902C3.92778 4.7675 3.72377 4.67759 3.52668 4.59071C3.36055 4.51749 3.19934 4.44644 3.14812 4.35268C2.90473 3.95305 2.76297 3.5859 2.63324 3.2499C2.50179 2.90944 2.38269 2.60096 2.18271 2.32311C2.05527 2.07602 1.48068 1.07109 1.38414 0.90817C1.34467 0.841546 1.27251 0.689245 1.19601 0.527784C1.08545 0.294416 0.965818 0.04191 0.922684 0.00129428C0.916889 -0.00294026 0.918686 0.00350557 0.922281 0.0163974C0.924913 0.0258357 0.928511 0.038729 0.930796 0.0534157C0.933729 0.0722679 0.936701 0.0940478 0.940063 0.1187C0.952196 0.207641 0.969429 0.333971 1.00844 0.495093C1.0772 0.822488 1.20233 1.28347 1.40315 1.83053C1.60397 2.3776 1.87313 3.0208 2.19519 3.71804C2.24341 3.82242 2.29342 3.92811 2.34403 4.03507C2.46246 4.28535 2.58416 4.54254 2.69374 4.80599C2.8428 5.19206 2.9772 5.59821 3.1143 6.02174C3.17966 6.238 3.24243 6.45236 3.30434 6.66381C3.48569 7.28323 3.65975 7.87771 3.87049 8.42197C4.00681 8.78334 4.1578 9.12462 4.32076 9.42846L4.38177 9.53463C4.39722 9.57671 4.42271 9.62613 4.43274 9.63346L4.4729 9.6628C4.48191 9.68027 4.47953 9.68172 4.47477 9.68462C4.4728 9.68582 4.47042 9.68727 4.46827 9.69021L4.44356 9.70296L4.41885 9.7157L4.36944 9.74119C4.3484 9.74891 4.3317 9.75596 4.31501 9.763C4.29831 9.77005 4.28161 9.7771 4.26056 9.78482C4.19377 9.81302 4.12698 9.84121 4.05015 9.86206C4.0378 9.86843 4.02477 9.87046 4.01174 9.87249C3.99871 9.87452 3.98568 9.87655 3.97332 9.88292C3.84478 10.1432 3.56102 10.3208 3.27223 10.2946C3.26721 10.2909 3.26287 10.2916 3.25852 10.2922C3.25418 10.2929 3.24984 10.2936 3.24482 10.2899C2.97573 10.4475 2.70123 10.5703 2.40858 10.6336L2.37191 10.6838C2.78617 10.6015 3.20584 10.554 3.62359 10.5513C3.74521 10.5323 3.86683 10.5134 4.00118 10.5192C4.17029 10.5196 4.33747 10.5647 4.51739 10.6346C4.5636 10.6516 4.61061 10.6737 4.65917 10.6966C4.69987 10.7158 4.74165 10.7355 4.78496 10.7531L4.92743 10.811L4.97493 10.8303L4.995 10.845L4.98034 10.865L4.973 10.8751L4.96103 10.9125C4.94642 10.9485 4.93911 10.9986 4.9324 11.0446C4.93025 11.0594 4.92817 11.0737 4.92592 11.087C4.91743 11.204 4.92903 11.3357 4.99275 11.4592C5.02827 11.516 5.08117 11.57 5.1414 11.614C5.20164 11.658 5.28387 11.6719 5.35607 11.6785C5.42827 11.685 5.5051 11.6642 5.56456 11.646L5.60664 11.6306L5.59931 11.6406L5.63561 11.7595C5.65376 11.819 5.66728 11.9059 5.66999 11.9232C5.66265 11.9333 5.62791 11.9387 5.52368 11.9549L5.52366 11.9549C5.48764 11.9647 5.45323 11.9723 5.42071 11.9794C5.38387 11.9875 5.34946 11.9951 5.31788 12.0047L4.17855 12.1732C4.24314 12.2284 4.58572 12.2624 4.90397 12.294C5.19268 12.3227 5.46136 12.3494 5.48432 12.3881C5.49977 12.4302 5.51522 12.4723 5.51329 12.517C5.50968 12.6009 5.46365 12.7018 5.41144 12.8162C5.38002 12.8851 5.34636 12.9588 5.31837 13.0367C5.28981 13.1391 5.26395 13.2587 5.2628 13.3657L5.26281 13.3658C5.27362 13.4352 5.27632 13.4526 5.2771 13.5147C5.27518 13.5595 5.28329 13.6116 5.2914 13.6637C5.35154 14.0007 5.48358 14.2865 5.60586 14.5511C5.62496 14.5925 5.64383 14.6333 5.66214 14.6737L5.76679 14.8888L5.81043 14.9976C5.82376 15.0164 5.82929 15.0242 5.83414 15.0323C5.83758 15.0381 5.84067 15.0441 5.84595 15.0544L5.87144 15.1038C5.92046 15.1769 6.32689 15.1227 6.61175 15.0848C6.7981 15.06 6.93243 15.0421 6.88067 15.0713C6.06871 15.5419 6.30885 15.9318 6.44712 16.1564C6.45894 16.1756 6.47002 16.1935 6.47963 16.2103C6.70901 16.655 6.97158 16.97 7.18781 17.1588C7.33735 17.2928 7.45872 17.3565 7.51105 17.384C7.52385 17.3907 7.53252 17.3953 7.53647 17.3982C7.52863 17.3924 7.51185 17.3989 7.48484 17.4094C7.47725 17.4124 7.46886 17.4156 7.45964 17.419C7.44984 17.4241 7.43829 17.429 7.42548 17.4346C7.37369 17.4569 7.30148 17.488 7.24267 17.5685C7.21333 17.6086 7.1867 17.6661 7.18748 17.7283C7.13072 17.7638 7.08131 17.7893 7.01452 17.8175C6.86654 17.8914 6.67464 17.9243 6.48321 17.9571C6.1727 18.0103 5.8634 18.0633 5.74472 18.291C5.72421 18.2582 5.69641 18.2214 5.6664 18.1817ZM21.9421 8.65016L21.9738 8.61847L21.9738 8.61846C22.0359 8.56873 22.0981 8.519 22.1478 8.46927C22.2038 8.43198 22.2566 8.39157 22.3095 8.35116C22.3623 8.31075 22.4151 8.27035 22.4711 8.23305C22.4272 8.27291 22.377 8.31661 22.32 8.36455C22.2151 8.44199 22.0886 8.53687 21.9421 8.65016ZM10.7755 25.7122C11.1545 25.6082 11.4757 25.8151 11.4082 26.3245C12.1136 26.0546 12.8234 27.5278 12.8833 28.1413C12.8833 28.1413 13.0697 28.139 13.0798 28.1463C12.7813 28.344 12.6123 28.744 12.7092 29.1382C12.6578 29.1898 12.61 29.2466 12.565 29.3075C12.4327 29.1866 12.2854 29.092 12.1268 29.0086C11.9901 28.8967 11.8285 28.8096 11.6544 28.7723C11.673 28.7848 11.6886 28.7941 11.7041 28.8034C11.7197 28.8127 11.7352 28.8221 11.7539 28.8345C11.6793 28.7972 11.6171 28.7723 11.5425 28.7475C11.5611 28.7537 11.5798 28.7568 11.5984 28.7599C11.6171 28.763 11.6357 28.7661 11.6544 28.7723C11.3436 28.5485 11.0576 28.2999 11.1571 28.1507C11.102 28.0956 11.0282 28.0343 10.9484 27.9679C10.776 27.8246 10.5752 27.6578 10.4733 27.4793V27.4047C10.4857 27.069 10.523 26.6463 10.6349 26.1863C10.6675 26.0313 10.7109 25.8709 10.7755 25.7122ZM3.85891 30.8611C3.85891 30.8611 3.85938 30.8587 3.86031 30.8546C3.85939 30.8572 3.85891 30.8594 3.85891 30.8611ZM0.985147 0.247072C0.979794 0.226917 0.974724 0.207825 0.969805 0.189701C1.01615 0.315947 1.06056 0.486979 1.05052 0.479645C1.02279 0.388786 1.00249 0.312352 0.985147 0.247072Z" fill="#FF3A3A"/>
<defs>
<clipPath id="clip0_1580_19215">
<rect width="24.2937" height="24" fill="white" transform="translate(0 10.8418)"/>
</clipPath>
</defs>
</svg>
